,Student ID,Grades,Feedback
0,7352,100.0,Link to Assignment with Professor Feedback
1,7279,87.24,Link to Assignment with Professor Feedback
2,7602,63.58,Link to Assignment with Professor Feedback
3,7442,48.47,Link to Assignment with Professor Feedback
4,7509,53.57,Link to Assignment with Professor Feedback
5,7569,90.21,Link to Assignment with Professor Feedback
6,7393,93.62,Link to Assignment with Professor Feedback
7,7367,91.8,Link to Assignment with Professor Feedback
8,7319,100.0,Link to Assignment with Professor Feedback
9,7556,95.18,Link to Assignment with Professor Feedback
10,7311,70.75,Link to Assignment with Professor Feedback
11,7507,82.25,Link to Assignment with Professor Feedback
12,7580,100.0,Link to Assignment with Professor Feedback
