,Student ID,Grades,Feedback
0,7431,86.27,Link to Assignment with Professor Feedback
1,7540,88.81,Link to Assignment with Professor Feedback
2,7429,87.62,Link to Assignment with Professor Feedback
3,7364,100.0,Link to Assignment with Professor Feedback
4,7463,55.22,Link to Assignment with Professor Feedback
5,7591,100.0,Link to Assignment with Professor Feedback
6,7589,90.32,Link to Assignment with Professor Feedback
7,7240,83.68,Link to Assignment with Professor Feedback
8,7491,100.0,Link to Assignment with Professor Feedback
9,7590,55.26,Link to Assignment with Professor Feedback
